99
11
37
38
38
56
64
98
38
67
58
38
99
25
57
92
65
65
84
46
88
82
76
86
26
12
48
79
94
63
97
22
14
54
32
16
89
81
66
84
92
91
96
99
22
74
99
53
64
84
53
19
23
66
83
82
52
11
56
55
15
63
14
63
29
13
88
32
66
39
54
42
33
95
97
59
21
27
21
44
41
78
53
74
91
45
72
39
16
65
95
28
15
43
81
28
73
87
96
82
93
86
11
75
22
26
54
77
85
11
13
24
78
55
74
33
59
76
39
62
18
98
49
91
58
23
56
71
83
17
28
64
44
11
62
68
12
15
42
42
38
79
59
52
16
66
27
19
56
56
51
53
78
84
66
46
16
74
22
47
99
79
22
43
21
37
57
55
12
28
32
49
94
57
25
44
48
35
44
64
56
75
45
37
55
52
98
19
49
57
52
84
62
66
59
44
91
99
15
46
47
81
64
96
59
18
19
56
76
43
58
54
63
88
24
55
51
44
74
16
29
22
68
28
12
83
38
85
54
54
44
25
87
18
33
93
63
45
28
16
43
47
79
83
39
42
81
43
43
74
88
48
81
89
14
81
44
94
22
46
97
49
34
69
13
83
85
76
77
43
38
16
13
32
38
69
57
18
66
27
68
88
45
77
15
42
32
51
77
11
64
13
96
38
42
67
47
62
33
13
22
85
23
88
23
13
12
24
32
11
27
19
84
69
87
28
11
47
41
99
38
57
64
14
39
28
76
69
84
32
15
41
41
68
46
56
88
85
87
79
33
33
12
65
15
29
31
56
67
86
93
36
31
24
53
87
61
11
92
46
85
95
41
22
36
78
88
27
13
44
67
92
69
55
19
13
59
44
86
93
16
84
96
21
86
66
11
23
32
84
42
37
71
82
12
24
82
64
85
46
77
91
25
79
78
36
13
42
94
26
82
94
47
24
22
78
42
89
55
62
67
57
55
43
37
89
34
27
41
33
75
87
55
86
57
44
98
41
88
44
26
37
13
33
36
31
39
36
61
39
18
92
17
61
32
21
25
68
76
18
25
22
25
53
55
28
56
71
36
79
68
56
76
55
84
71
18
83
76
41
22
95
94
67
77
35
32
99
29
27
41
13
29
71
95
63
13
17
39
34
27
48
25
25
37
63
89
13
91
14
89
56
11
32
37
34
96
97
95
22
88
62
93
21
82
11
44
75
11
46
61
38
87
58
12
72
14
99
91
96
65
42
74
71
56
52
43
79
58
39
91
82
41
94
72
42
73
69
84
41
13
55
27
16
49
76
13
36
64
56
33
54
32
45
56
12
81
72
74
76
26
89
83
59
65
38
27
99
89
99
75
57
48
94
86
61
75
19
34
33
24
99
15
64
94
81
72
44
42
32
33
82
11
63
67
65
87
21
63
92
11
77
11
82
75
31
64
68
33
74
28
66
16
21
92
65
75
95
81
69
33
79
89
44
74
94
81
14
94
64
11
55
63
12
48
96
83
23
86
73
43
66
61
24
43
62
12
22
53
55
96
93
84
99
72
33
74
25
28
51
36
71
92
31
19
82
24
48
56
16
78
58
34
16
91
49
32
11
23
89
22
75
45
19
46
88
66
41
86
88
63
78
97
46
93
69
61
84
28
64
57
74
48
51
25
31
96
28
72
83
43
86
73
55
88
37
14
71
25
85
16
96
52
82
65
67
32
75
32
98
42
42
92
76
48
35
28
88
86
91
99
81
93
94
45
32
56
37
14
33
33
69
45
94
84
44
21
29
83
97
99
25
98
42
19
87
92
45
53
23
87
79
63
12
31
11
24
42
73
69
22
28
48
37
26
77
91
55
55
39
18
85
65
49
18
24
93
47
33
78
32
11
87
36
69
69
22
82
63
79
37
58
59
77
55
16
78
14
19
82
77
39
27
16
99
81
65
46
33
53
88
62
61
33
12
92
45
66
65
68
58
45
15
66
99
95
35
75
56
35
75
29
33
53
18
96
52
26
27
45
24
84
44
68
84
28
66
54
56
19
53
97
33
76
65
83
91
86
83
11
68
19
66
24
13
15
27
15
82
22
47
41
36
63
86
23
52
13
55
31
37
55
43
39
25
73
58
89
97
57
77
43
25
71
73
45
11
12
16
84
58
62
17
83
88
77
96
81
36
88
64
17
13
26
53
13
16
88
84
61
53
33
97
27
31
89
57
39
23
43
27
36
93
57
76
52
72
99
82
27
88
44
65
71
29
23
84
32
66
24
27
24
34
54
55
24
71
99
56
44
